0.000000000000000000e+00
0.000000000000000000e+00
0.000000000000000000e+00
0.000000000000000000e+00
0.000000000000000000e+00
0.000000000000000000e+00
0.000000000000000000e+00
0.000000000000000000e+00
0.000000000000000000e+00
0.000000000000000000e+00
2.721438408411014365e-01
8.753460304030493688e-01
1.413619484236182444e+00
1.886929253545702068e+00
2.295196105415021393e+00
2.638294855001333872e+00
2.916053346746032560e+00
3.000000000000000000e+00
3.000000000000000000e+00
3.000000000000000000e+00
3.000000000000000000e+00
3.000000000000000000e+00
3.000000000000000000e+00
3.000000000000000000e+00
2.750443995341980141e+00
2.425282297694717926e+00
2.030864360498856769e+00
1.566665796609017391e+00
1.032164151884533254e+00
4.268488713643865395e-01
0.000000000000000000e+00
0.000000000000000000e+00
0.000000000000000000e+00
0.000000000000000000e+00
0.000000000000000000e+00
0.000000000000000000e+00
0.000000000000000000e+00
0.000000000000000000e+00
0.000000000000000000e+00
0.000000000000000000e+00
0.000000000000000000e+00
-0.000000000000000000e+00
-0.000000000000000000e+00
-0.000000000000000000e+00
-0.000000000000000000e+00
-0.000000000000000000e+00
-0.000000000000000000e+00
-0.000000000000000000e+00
-0.000000000000000000e+00
-0.000000000000000000e+00
-0.000000000000000000e+00
-0.000000000000000000e+00
-0.000000000000000000e+00
-0.000000000000000000e+00
-0.000000000000000000e+00
-0.000000000000000000e+00
-2.914694050174766460e-01
-6.604791579981608152e-01
-9.995028349599710538e-01
-1.309117747847835744e+00
-1.589892652910155135e+00
-1.842383329613461740e+00
-2.067128640897665903e+00
-2.264647043729468123e+00
-2.435433517660195335e+00
-2.579956878665472075e+00
-2.698657445795191734e+00
-2.791945028955716168e+00
-2.860197207358005755e+00
-2.903757869684476134e+00
-2.922935988759808978e+00
-2.918004605379973526e+00
-2.889199997900709249e+00
-2.836721016168784359e+00
-2.760728560371255469e+00
-2.661345187367382792e+00
-2.538654829056786966e+00
-2.392702609337026942e+00
-2.223494748236925389e+00
-2.030998543905273124e+00
-1.815142425324376418e+00
-1.575816070940865288e+00
-1.312870590904017476e+00
-1.026118773316952115e+00
-7.153353978809011693e-01
-3.802576235914845171e-01
-2.058546076923128965e-02
-0.000000000000000000e+00
-0.000000000000000000e+00
-0.000000000000000000e+00
-0.000000000000000000e+00
-0.000000000000000000e+00
-0.000000000000000000e+00
-0.000000000000000000e+00
-0.000000000000000000e+00
-0.000000000000000000e+00
-0.000000000000000000e+00
-0.000000000000000000e+00
-0.000000000000000000e+00
-0.000000000000000000e+00
-0.000000000000000000e+00
-0.000000000000000000e+00
-0.000000000000000000e+00
0.000000000000000000e+00
0.000000000000000000e+00
0.000000000000000000e+00
0.000000000000000000e+00
0.000000000000000000e+00
0.000000000000000000e+00
0.000000000000000000e+00
0.000000000000000000e+00
0.000000000000000000e+00
0.000000000000000000e+00
0.000000000000000000e+00
3.590176942951401884e-01
1.011670972995712958e+00
1.603725865117210603e+00
2.134390427312352401e+00
2.602811577324102288e+00
3.000000000000000000e+00
3.000000000000000000e+00
3.000000000000000000e+00
3.000000000000000000e+00
3.000000000000000000e+00
3.000000000000000000e+00
3.000000000000000000e+00
3.000000000000000000e+00
3.000000000000000000e+00
3.000000000000000000e+00
3.000000000000000000e+00
2.981930180552298637e+00
2.539643483215758835e+00
2.018344110396389723e+00
1.416727623711715012e+00
7.335307500883878618e-01
0.000000000000000000e+00
0.000000000000000000e+00
0.000000000000000000e+00
0.000000000000000000e+00
0.000000000000000000e+00
0.000000000000000000e+00
0.000000000000000000e+00
0.000000000000000000e+00
0.000000000000000000e+00
